Best reward indexes and rewards:
[243 297 213 109 107 102  99  98  97 250 270  92 113  91  87  83 307  81
  79 310  73  72 223 313 320 220 321 212 127 187 186 185 271 180 193 276
 266 167 199 164 119 162 156 154 284 147 146 144 140 135 134 131 129 160
 322  95   7 229 233  44 227  49 342  33 334  35 238  50  27 337   3  16
 234  52  40 330 226  51  20 287 343 340 331 157 170  84 142  75 285  85
 241 196  61  32 114 298 245 124  74 328  21 308 175 118 116 240 352 275
 311 289 335  10 155 133 269 150 260  43 117 252 132 106  25 261 336 278
 100 183 108 182 152   1  15  62 136 338 239 195  13 178  80 324 351 288
 326 264 279 110 333 221 158  70   8 301 304 190  11 254 139 312 120  31
  53 231 200 273 137 302 317 224 188 194 122 161 282  89 286  46 145 258
 256 329 163  88 236 244  63 202 299  54 309 177 280   2  67 181 339 232
 248 125 295  68  37 173 198 230 303 291 332 172 272 292 247 228 242 207
 216 290 148  41 281  45 104 219 327 267 347  24 315  38 111 217  23 208
 171 168  96 300 138  18 210 262  48 201   0 206  76 249 189 235 215 179
 169 153 204 176 255 197 203  29 268   5 325 115  42  64   6 225 319 253
 348 105 143 283  30 218  47 265 263 314 259 141 246  28  58 222   4 192
 159  34  60  12 346 318 151  86 191 123 257 350  55  57 103 121 101 306
  65  19  56 353   9 345 209 323  90  66  77 277  14  26 296 128 130  39
  78 205  59  94 166 165 251 211  17 349 174 237  82 305 294 344 126  69
 293  93 341 214 274 316 184 149  22 112 354  71  36]
[-10.         -10.         -10.         -10.         -10.
 -10.         -10.         -10.         -10.         -10.
 -10.         -10.         -10.         -10.         -10.
 -10.         -10.         -10.         -10.         -10.
 -10.         -10.         -10.         -10.         -10.
 -10.         -10.         -10.         -10.         -10.
 -10.         -10.         -10.         -10.         -10.
 -10.         -10.         -10.         -10.         -10.
 -10.         -10.         -10.         -10.         -10.
 -10.         -10.         -10.         -10.         -10.
 -10.         -10.         -10.         -10.         -10.
 -10.         -10.         -10.         -10.         -10.
 -10.         -10.         -10.         -10.         -10.
 -10.         -10.         -10.         -10.         -10.
 -10.         -10.         -10.         -10.         -10.
 -10.         -10.         -10.         -10.          25.52531815
  40.21325302  41.24951553  42.43761826  43.70606995  49.94916153
  50.74978638  51.87855148  52.36719131  52.79465485  53.74034882
  54.2857132   55.29272461  55.85527802  57.90286636  57.99907684
  59.09663391  59.32526016  59.52093506  60.21003342  60.62291336
  60.96096039  62.31128693  62.39873505  62.43772888  62.4884491
  62.50287628  62.51464462  62.75846481  62.93045425  62.94294357
  63.0554657   63.24822235  63.25726318  64.18096924  64.35194397
  64.48262024  64.6789856   66.73474884  67.20440674  67.26582336
  67.39211273  67.9312973   67.97997284  69.7443161   70.00660706
  70.02696228  70.14020538  70.39325714  70.60189819  70.64926147
  70.69675446  71.04029846  72.03635406  72.42817688  72.83265686
  72.99310303  73.40581512  73.77758789  74.25710297  74.48059845
  74.61722565  75.04314423  75.1116333   75.28505707  75.33890533
  75.41062927  75.41078949  75.43563843  75.50169373  76.0022583
  76.05804443  76.30096436  76.46665192  76.63795471  76.66596222
  76.97006989  77.20886993  77.90076447  77.98286438  78.02352905
  78.20915985  78.92327118  79.00943756  79.03819275  79.33932495
  79.38115692  79.54104614  79.56521606  79.84496307  79.97886658
  80.01772308  80.17637634  80.30618286  80.53892517  80.72727203
  80.81494141  80.8250351   80.89990997  81.07679749  81.28894806
  81.43955231  81.46045685  81.58192444  81.61470795  81.61803436
  82.01882172  82.14546967  82.30387115  82.47250366  82.51515198
  82.59057617  82.64342499  82.73522949  82.75766754  82.84416199
  82.84500885  82.84589386  83.12046051  83.12715149  83.15874481
  83.20495605  83.21937561  83.26080322  83.31417847  83.54430389
  83.58869934  83.83467865  84.09455109  84.1182251   84.14203644
  84.20599365  84.28160095  84.29732513  84.47115326  84.72499847
  84.93668365  84.96140289  84.98033142  85.11347198  85.23097229
  85.2543335   85.43991852  85.52325439  85.52896118  85.70285797
  85.72645569  85.72675323  85.73167419  85.73790741  85.87774658
  85.90233612  85.95819855  85.9773941   86.013237    86.0615387
  86.09184265  86.13636017  86.32589722  86.36662292  86.37888336
  86.47671509  86.49838257  86.53725433  86.54920197  86.57455444
  86.62551117  86.75617981  86.76670837  86.90449524  87.01514435
  87.07684326  87.08133698  87.23040771  87.24263     87.33441925
  87.34403229  87.38845825  87.43914032  87.46824646  87.6879425
  87.7071228   87.73257446  87.74243927  87.7864151   87.8808136
  87.9727478   88.0069046   88.01589966  88.03646851  88.15251923
  88.18797302  88.27532196  88.32579041  88.33433533  88.46972656
  88.48765564  88.56737518  88.64745331  88.78193665  88.79598999
  88.94284058  88.98913574  88.99468231  89.08227539  89.09385681
  89.13608551  89.21746826  89.24339294  89.30609894  89.34092712
  89.35021973  89.36936951  89.39489746  89.53974915  89.5483551
  89.64855957  89.65517426  89.66632843  89.67041779  89.67700958
  89.69573975  89.69853973  89.70813751  89.75637054  89.91784668
  89.96375275  90.0415802   90.125       90.16690063  90.16923523
  90.21352386  90.23485565  90.33117676  90.33885956  90.34172058
  90.4623642   90.53902435  90.58942413  90.64105988  90.82883453
  90.86275482  90.91340637  90.96147156  90.99388123  91.35629272
  91.42914581  91.45543671  91.48284149  91.74984741  91.83377838
  91.86886597  91.93338776  91.93598175  92.21518707  92.2460556
  92.24606323  92.24633026  92.25976562  92.27642059  92.38985443
  92.42562866  92.64387512  92.66370392  92.66587067  92.94390106
  93.00713348  93.02038574  93.16471863  93.19029999  93.3013382
  93.58446503  93.63636017  93.84359741  94.20582581  94.52281952]
---------------------------------------